0 0.587848 0.394842 0.301437 0.376640
0 0.308165 0.372603 0.291569 0.307807
41 0.535609 0.602110 0.039238 0.056670
41 0.751213 0.594665 0.070285 0.095426
0 0.062201 0.443939 0.124558 0.275085
60 0.491384 0.652159 0.974101 0.349715
41 0.078128 0.606726 0.046207 0.051529
41 0.705392 0.713010 0.049219 0.060122
41 0.649509 0.687691 0.047024 0.058480
41 0.617246 0.716218 0.047893 0.062888
41 0.818197 0.765250 0.110822 0.119932
41 0.127360 0.572438 0.058071 0.092861
41 0.614179 0.776758 0.076330 0.112430
0 0.080560 0.245409 0.161087 0.159030
41 0.030208 0.630381 0.049088 0.051681
0 0.887929 0.515893 0.223835 0.340395
41 0.147698 0.548662 0.051605 0.077399
41 0.246172 0.547265 0.039381 0.044630
41 0.462755 0.575208 0.038763 0.085750
41 0.279789 0.548149 0.033999 0.042846
41 0.398653 0.603106 0.107691 0.181004
41 0.321295 0.529102 0.032885 0.040758
56 0.754116 0.486522 0.057955 0.126441
41 0.410799 0.282838 0.032206 0.051223
41 0.252289 0.500725 0.035038 0.039569
41 0.230526 0.679597 0.092204 0.103784
41 0.048480 0.762715 0.096805 0.134667
0 0.856694 0.738706 0.286108 0.175733
60 0.036906 0.252401 0.073950 0.043509
